


















___________________________________________________________________________________________
v =  7 e =  5

--- Set 1 (found 2 non-isomorphic graphs) ---
Graph 1: Edges=[(0, 1), (0, 2), (0, 3), (1, 4), (1, 5)]
  Spectrum: [-2. -1. -0.  0.  1.  2.]
Graph 2: Edges=[(0, 1), (0, 2), (1, 3), (2, 3), (4, 5)]
  Spectrum: [-2. -1.  0.  0.  1.  2.]

___________________________________________________________________________________________
v =  7 e =  7

--- Set 1 (found 2 non-isomorphic graphs) ---
Graph 1: Edges=[(0, 1), (0, 2), (0, 3), (0, 4), (1, 5), (2, 6)]
  Spectrum: [-2.1358 -1.     -0.6622  0.      0.6622  1.      2.1358]
Graph 2: Edges=[(0, 1), (0, 2), (0, 3), (1, 4), (2, 4), (5, 6)]
  Spectrum: [-2.1358 -1.     -0.6622  0.      0.6622  1.      2.1358]

--- Set 2 (found 2 non-isomorphic graphs) ---
Graph 1: Edges=[(0, 1), (0, 2), (0, 3), (1, 4), (4, 5), (4, 6)]
  Spectrum: [-2.     -1.4142  0.      0.      0.      1.4142  2.    ]
Graph 2: Edges=[(0, 1), (0, 2), (1, 3), (2, 3), (4, 5), (4, 6)]
  Spectrum: [-2.     -1.4142  0.      0.      0.      1.4142  2.    ]

after new code :

Found 4 set(s):

--- set 1  (2 non-isomorphic graphs) ---
Graph 1:  edges=[(0, 1), (0, 2), (0, 3), (0, 4), (0, 5), (1, 2), (3, 4)]
   spectrum: [-1.9032 -1.     -1.      0.1939  1.      2.7093]
Graph 2:  edges=[(0, 1), (0, 2), (0, 3), (1, 2), (1, 3), (2, 4), (3, 5)]
   spectrum: [-1.9032 -1.     -1.      0.1939  1.      2.7093]

--- set 2  (2 non-isomorphic graphs) ---
Graph 1:  edges=[(0, 1), (0, 2), (0, 3), (0, 4), (0, 5), (1, 6), (2, 6)]
   spectrum: [-2.4495 -1.      0.      0.      0.      1.      2.4495]
Graph 2:  edges=[(0, 1), (0, 2), (0, 3), (1, 4), (2, 4), (3, 4), (5, 6)]
   spectrum: [-2.4495 -1.      0.      0.      0.      1.      2.4495]

--- set 3  (2 non-isomorphic graphs) ---
Graph 1:  edges=[(0, 1), (0, 2), (0, 3), (0, 4), (1, 2), (1, 5), (1, 6)]
   spectrum: [-2.     -1.5616 -0.      0.      0.      1.      2.5616]
Graph 2:  edges=[(0, 1), (0, 2), (0, 3), (1, 2), (1, 4), (2, 5), (3, 4)]
   spectrum: [-2.     -1.5616 -0.      0.      1.      2.5616]

--- set 4  (2 non-isomorphic graphs) ---
Graph 1:  edges=[(0, 1), (0, 2), (0, 3), (1, 2), (1, 4), (2, 5), (3, 6)]
   spectrum: [-1.7566 -1.618  -0.8202  0.      0.618   1.1386  2.4383]
Graph 2:  edges=[(0, 1), (0, 2), (0, 3), (1, 2), (1, 4), (3, 5), (4, 5)]
   spectrum: [-1.7566 -1.618  -0.8202  0.618   1.1386  2.4383]

___________________________________________________________________________________________
v =  7 e =  8

--- Set 1 (found 2 non-isomorphic graphs) ---
Graph 1: Edges=[(0, 1), (0, 2), (0, 3), (0, 4), (0, 5), (1, 6), (2, 6)]
  Spectrum: [-2.4495 -1.      0.      0.      0.      1.      2.4495]
Graph 2: Edges=[(0, 1), (0, 2), (0, 3), (1, 4), (2, 4), (3, 4), (5, 6)]
  Spectrum: [-2.4495 -1.      0.      0.      0.      1.      2.4495]

--- Set 2 (found 2 non-isomorphic graphs) ---
Graph 1: Edges=[(0, 1), (0, 2), (0, 3), (0, 4), (0, 5), (1, 2), (3, 4)]
  Spectrum: [-1.9032 -1.     -1.      0.1939  1.      2.7093]
Graph 2: Edges=[(0, 1), (0, 2), (0, 3), (1, 2), (1, 3), (2, 4), (3, 5)]
  Spectrum: [-1.9032 -1.     -1.      0.1939  1.      2.7093]

___________________________________________________________________________________________
v =  7 e =  8

Found 9 set(s):

--- set 1  (2 non-isomorphic graphs) ---
Graph 1:  edges=[(0, 1), (0, 2), (0, 3), (0, 4), (0, 5), (0, 6), (1, 2), (1, 3)]
   spectrum: [-2.2403 -1.3684 -0.      0.      0.      0.6648  2.9439]
Graph 2:  edges=[(0, 1), (0, 2), (0, 3), (0, 4), (1, 2), (1, 3), (2, 5), (3, 5)]
   spectrum: [-2.2403 -1.3684 -0.      0.      0.6648  2.9439]

--- set 2  (2 non-isomorphic graphs) ---
Graph 1:  edges=[(0, 1), (0, 2), (0, 3), (0, 4), (0, 5), (0, 6), (1, 2), (3, 4)]
   spectrum: [-2.1774 -1.     -1.     -0.      0.3216  1.      2.8558]
Graph 2:  edges=[(0, 1), (0, 2), (0, 3), (1, 2), (1, 3), (2, 4), (3, 4), (5, 6)]
   spectrum: [-2.1774 -1.     -1.     -0.      0.3216  1.      2.8558]

--- set 3  (2 non-isomorphic graphs) ---
Graph 1:  edges=[(0, 1), (0, 2), (0, 3), (0, 4), (0, 5), (1, 2), (1, 3), (1, 6)]
   spectrum: [-2.     -1.7093 -0.     -0.      0.      0.8061  2.9032]
Graph 2:  edges=[(0, 1), (0, 2), (0, 3), (0, 4), (1, 2), (1, 3), (1, 5), (4, 5)]
   spectrum: [-2.     -1.7093 -0.     -0.      0.8061  2.9032]

--- set 4  (2 non-isomorphic graphs) ---
Graph 1:  edges=[(0, 1), (0, 2), (0, 3), (0, 4), (0, 5), (1, 2), (1, 3), (4, 6)]
   spectrum: [-2.0748 -1.3706 -0.7572 -0.      0.3089  1.0617  2.8321]
Graph 2:  edges=[(0, 1), (0, 2), (0, 3), (0, 4), (1, 2), (1, 3), (2, 5), (2, 6)]
   spectrum: [-2.0748 -1.3706 -0.7572 -0.      0.3089  1.0617  2.8321]

--- set 5  (2 non-isomorphic graphs) ---
Graph 1:  edges=[(0, 1), (0, 2), (0, 3), (0, 4), (0, 5), (1, 2), (1, 6), (3, 4)]
   spectrum: [-1.9555 -1.3746 -1.      0.      0.3257  1.2395  2.7649]
Graph 2:  edges=[(0, 1), (0, 2), (0, 3), (0, 4), (1, 2), (1, 3), (2, 5), (5, 6)]
   spectrum: [-1.9555 -1.3746 -1.      0.      0.3257  1.2395  2.7649]

--- set 6  (2 non-isomorphic graphs) ---
Graph 1:  edges=[(0, 1), (0, 2), (0, 3), (0, 4), (1, 2), (1, 3), (2, 5), (3, 6)]
   spectrum: [-2.     -1.3429 -1.      0.      0.5293  1.      2.8136]
Graph 2:  edges=[(0, 1), (0, 2), (0, 3), (0, 4), (1, 2), (1, 5), (3, 4), (3, 5)]
   spectrum: [-2.     -1.3429 -1.      0.5293  1.      2.8136]

--- set 7  (2 non-isomorphic graphs) ---
Graph 1:  edges=[(0, 1), (0, 2), (0, 3), (0, 4), (1, 2), (1, 3), (4, 5), (4, 6)]
   spectrum: [-2.     -1.4142 -0.7321  0.      0.      1.4142  2.7321]
Graph 2:  edges=[(0, 1), (0, 2), (0, 3), (1, 2), (1, 4), (3, 4), (3, 5), (4, 5)]
   spectrum: [-2.     -1.4142 -0.7321 -0.      1.4142  2.7321]

--- set 8  (2 non-isomorphic graphs) ---
Graph 1:  edges=[(0, 1), (0, 2), (0, 3), (0, 4), (1, 2), (1, 3), (4, 5), (5, 6)]
   spectrum: [-1.9032 -1.4142 -1.     -0.      0.1939  1.4142  2.7093]
Graph 2:  edges=[(0, 1), (0, 2), (0, 3), (0, 4), (1, 2), (1, 5), (1, 6), (3, 4)]
   spectrum: [-1.9032 -1.4142 -1.      0.      0.1939  1.4142  2.7093]

--- set 9  (2 non-isomorphic graphs) ---
Graph 1:  edges=[(0, 1), (0, 2), (0, 3), (0, 4), (1, 2), (3, 5), (4, 6), (5, 6)]
   spectrum: [-1.9354 -1.618  -1.      0.      0.618   1.4626  2.4728]
Graph 2:  edges=[(0, 1), (0, 2), (0, 3), (1, 2), (1, 4), (3, 5), (4, 5), (5, 6)]
   spectrum: [-1.9354 -1.618  -1.     -0.      0.618   1.4626  2.4728]

___________________________________________________________________________________________
v =  7 e =  9

Found 6 set(s):

--- set 1  (2 non-isomorphic graphs) ---
Graph 1:  edges=[(0, 1), (0, 2), (0, 3), (0, 4), (0, 5), (1, 2), (1, 3), (2, 4), (5, 6)]
   spectrum: [-1.9334 -1.618  -0.7855 -0.4041  0.618   1.0661  3.0569]
Graph 2:  edges=[(0, 1), (0, 2), (0, 3), (0, 4), (1, 2), (1, 3), (1, 5), (2, 4), (3, 6)]
   spectrum: [-1.9334 -1.618  -0.7855 -0.4041  0.618   1.0661  3.0569]

--- set 2  (2 non-isomorphic graphs) ---
Graph 1:  edges=[(0, 1), (0, 2), (0, 3), (0, 4), (1, 2), (1, 3), (1, 5), (2, 3), (2, 6)]
   spectrum: [-1.618  -1.618  -1.2361  0.      0.618   0.618   3.2361]
Graph 2:  edges=[(0, 1), (0, 2), (0, 3), (0, 4), (1, 2), (1, 3), (1, 5), (2, 4), (2, 5)]
   spectrum: [-1.618  -1.618  -1.2361  0.618   0.618   3.2361]

--- set 3  (2 non-isomorphic graphs) ---
Graph 1:  edges=[(0, 1), (0, 2), (0, 3), (0, 4), (1, 2), (1, 3), (1, 5), (2, 3), (4, 5)]
   spectrum: [-2.     -1.2361 -1.     -0.      1.      3.2361]
Graph 2:  edges=[(0, 1), (0, 2), (0, 3), (0, 4), (1, 2), (1, 3), (2, 4), (3, 4), (5, 6)]
   spectrum: [-2.     -1.2361 -1.     -0.      0.      1.      3.2361]

--- set 4  (2 non-isomorphic graphs) ---
Graph 1:  edges=[(0, 1), (0, 2), (0, 3), (0, 4), (1, 2), (1, 3), (1, 5), (4, 6), (5, 6)]
   spectrum: [-2.     -1.618  -1.1149 -0.      0.618   1.2541  2.8608]
Graph 2:  edges=[(0, 1), (0, 2), (0, 3), (0, 4), (1, 2), (1, 5), (2, 6), (3, 4), (3, 5)]
   spectrum: [-2.     -1.618  -1.1149  0.      0.618   1.2541  2.8608]

--- set 5  (2 non-isomorphic graphs) ---
Graph 1:  edges=[(0, 1), (0, 2), (0, 3), (0, 4), (1, 2), (1, 3), (2, 5), (4, 6), (5, 6)]
   spectrum: [-1.8944 -1.7555 -1.     -0.2256  0.6927  1.3666  2.8162]
Graph 2:  edges=[(0, 1), (0, 2), (0, 3), (1, 2), (1, 3), (2, 4), (3, 5), (4, 5), (4, 6)]
   spectrum: [-1.8944 -1.7555 -1.     -0.2256  0.6927  1.3666  2.8162]

--- set 6  (2 non-isomorphic graphs) ---
Graph 1:  edges=[(0, 1), (0, 2), (0, 3), (0, 4), (1, 2), (1, 5), (2, 6), (3, 4), (5, 6)]
   spectrum: [-2.     -1.6412 -1.     -0.      0.2763  1.5892  2.7757]
Graph 2:  edges=[(0, 1), (0, 2), (0, 3), (1, 2), (1, 4), (2, 5), (3, 4), (3, 6), (4, 6)]
   spectrum: [-2.     -1.6412 -1.      0.      0.2763  1.5892  2.7757]


___________________________________________________________________________________________
v =  7 e = 10

Found 8 set(s):

--- set 1  (2 non-isomorphic graphs) ---
Graph 1:  edges=[(0, 1), (0, 2), (0, 3), (0, 4), (0, 5), (0, 6), (1, 2), (1, 3), (1, 4), (1, 5)]
   spectrum: [-2.4715 -1.3387 -0.      0.      0.      0.3493  3.4609]
Graph 2:  edges=[(0, 1), (0, 2), (0, 3), (0, 4), (1, 2), (1, 3), (1, 5), (2, 4), (3, 4), (4, 5)]
   spectrum: [-2.4715 -1.3387 -0.      0.      0.3493  3.4609]

--- set 2  (2 non-isomorphic graphs) ---
Graph 1:  edges=[(0, 1), (0, 2), (0, 3), (0, 4), (0, 5), (0, 6), (1, 2), (1, 3), (1, 4), (2, 5)]
   spectrum: [-2.1416 -1.7017 -0.6372  0.      0.3294  0.7743  3.3769]
Graph 2:  edges=[(0, 1), (0, 2), (0, 3), (0, 4), (0, 5), (1, 2), (1, 3), (1, 6), (2, 4), (3, 4)]
   spectrum: [-2.1416 -1.7017 -0.6372 -0.      0.3294  0.7743  3.3769]

--- set 3  (2 non-isomorphic graphs) ---
Graph 1:  edges=[(0, 1), (0, 2), (0, 3), (0, 4), (0, 5), (0, 6), (1, 2), (1, 3), (1, 4), (5, 6)]
   spectrum: [-2.1804 -1.3529 -1.     -0.      0.      1.2323  3.301 ]
Graph 2:  edges=[(0, 1), (0, 2), (0, 3), (0, 4), (1, 2), (1, 3), (1, 5), (2, 4), (3, 4), (5, 6)]
   spectrum: [-2.1804 -1.3529 -1.     -0.      0.      1.2323  3.301 ]

--- set 4  (2 non-isomorphic graphs) ---
Graph 1:  edges=[(0, 1), (0, 2), (0, 3), (0, 4), (0, 5), (0, 6), (1, 2), (1, 3), (2, 3), (4, 5)]
   spectrum: [-1.9502 -1.     -1.     -1.      0.223   1.3701  3.3571]
Graph 2:  edges=[(0, 1), (0, 2), (0, 3), (0, 4), (1, 2), (1, 3), (1, 4), (2, 3), (4, 5), (5, 6)]
   spectrum: [-1.9502 -1.     -1.     -1.      0.223   1.3701  3.3571]

--- set 5  (2 non-isomorphic graphs) ---
Graph 1:  edges=[(0, 1), (0, 2), (0, 3), (0, 4), (0, 5), (1, 2), (1, 3), (1, 4), (2, 3), (5, 6)]
   spectrum: [-1.9437 -1.3792 -1.     -0.5571  0.3513  1.1172  3.4114]
Graph 2:  edges=[(0, 1), (0, 2), (0, 3), (0, 4), (1, 2), (1, 3), (1, 4), (2, 3), (2, 5), (4, 6)]
   spectrum: [-1.9437 -1.3792 -1.     -0.5571  0.3513  1.1172  3.4114]

--- set 6  (2 non-isomorphic graphs) ---
Graph 1:  edges=[(0, 1), (0, 2), (0, 3), (0, 4), (0, 5), (1, 2), (1, 6), (3, 4), (3, 6), (5, 6)]
   spectrum: [-2.4601 -1.3807 -1.     -0.      0.766   1.      3.0749]
Graph 2:  edges=[(0, 1), (0, 2), (0, 3), (0, 4), (1, 2), (1, 5), (1, 6), (3, 4), (3, 5), (3, 6)]
   spectrum: [-2.4601 -1.3807 -1.      0.      0.766   1.      3.0749]

--- set 7  (2 non-isomorphic graphs) ---
Graph 1:  edges=[(0, 1), (0, 2), (0, 3), (0, 4), (1, 2), (1, 3), (1, 4), (2, 5), (3, 6), (5, 6)]
   spectrum: [-2.1366 -1.618  -1.     -0.2406  0.618   1.2406  3.1366]
Graph 2:  edges=[(0, 1), (0, 2), (0, 3), (0, 4), (1, 2), (1, 3), (2, 4), (3, 5), (4, 5), (5, 6)]
   spectrum: [-2.1366 -1.618  -1.     -0.2406  0.618   1.2406  3.1366]

--- set 8  (2 non-isomorphic graphs) ---
Graph 1:  edges=[(0, 1), (0, 2), (0, 3), (0, 4), (1, 2), (1, 3), (1, 5), (2, 4), (3, 6), (5, 6)]
   spectrum: [-2.1792 -1.5661 -1.     -0.      0.1969  1.4329  3.1155]
Graph 2:  edges=[(0, 1), (0, 2), (0, 3), (0, 4), (1, 2), (1, 5), (2, 5), (3, 4), (3, 5), (4, 6)]
   spectrum: [-2.1792 -1.5661 -1.      0.      0.1969  1.4329  3.1155]


___________________________________________________________________________________________
v =  7 e = 11

Found 6 set(s):

--- set 1  (2 non-isomorphic graphs) ---
Graph 1:  edges=[(0, 1), (0, 2), (0, 3), (0, 4), (0, 5), (0, 6), (1, 2), (1, 3), (1, 4), (2, 3), (2, 4)]
   spectrum: [-2.     -1.4893 -1.     -0.      0.      0.7108  3.7785]
Graph 2:  edges=[(0, 1), (0, 2), (0, 3), (0, 4), (0, 5), (1, 2), (1, 3), (1, 4), (2, 3), (2, 5), (4, 5)]
   spectrum: [-2.     -1.4893 -1.      0.      0.7108  3.7785]

--- set 2  (2 non-isomorphic graphs) ---
Graph 1:  edges=[(0, 1), (0, 2), (0, 3), (0, 4), (0, 5), (0, 6), (1, 2), (1, 3), (1, 4), (2, 3), (4, 5)]
   spectrum: [-1.9045 -1.6603 -1.     -0.4807  0.3309  1.0999  3.6147]
Graph 2:  edges=[(0, 1), (0, 2), (0, 3), (0, 4), (0, 5), (1, 2), (1, 3), (1, 4), (2, 3), (2, 5), (4, 6)]
   spectrum: [-1.9045 -1.6603 -1.     -0.4807  0.3309  1.0999  3.6147]

--- set 3  (3 non-isomorphic graphs) ---
Graph 1:  edges=[(0, 1), (0, 2), (0, 3), (0, 4), (0, 5), (0, 6), (1, 2), (1, 3), (2, 4), (3, 4), (5, 6)]
   spectrum: [-2.     -1.7785 -1.     -0.      0.      1.2892  3.4893]
Graph 2:  edges=[(0, 1), (0, 2), (0, 3), (0, 4), (1, 2), (1, 3), (1, 4), (2, 3), (2, 5), (3, 6), (5, 6)]
   spectrum: [-2.     -1.7785 -1.     -0.      0.      1.2892  3.4893]
Graph 3:  edges=[(0, 1), (0, 2), (0, 3), (0, 4), (1, 2), (1, 3), (1, 5), (2, 4), (2, 5), (3, 4), (5, 6)]
   spectrum: [-2.     -1.7785 -1.      0.      0.      1.2892  3.4893]

--- set 4  (2 non-isomorphic graphs) ---
Graph 1:  edges=[(0, 1), (0, 2), (0, 3), (0, 4), (0, 5), (1, 2), (1, 3), (1, 4), (1, 6), (2, 3), (5, 6)]
   spectrum: [-2.     -1.8434 -1.      0.      0.3068  1.      3.5366]
Graph 2:  edges=[(0, 1), (0, 2), (0, 3), (0, 4), (0, 5), (1, 2), (1, 3), (1, 6), (2, 4), (2, 6), (3, 4)]
   spectrum: [-2.     -1.8434 -1.      0.      0.3068  1.      3.5366]

--- set 5  (2 non-isomorphic graphs) ---
Graph 1:  edges=[(0, 1), (0, 2), (0, 3), (0, 4), (0, 5), (1, 2), (1, 3), (2, 4), (3, 6), (4, 6), (5, 6)]
   spectrum: [-2.456  -1.618  -0.9229  0.      0.618   1.065   3.3139]
Graph 2:  edges=[(0, 1), (0, 2), (0, 3), (0, 4), (1, 2), (1, 3), (2, 4), (3, 5), (3, 6), (4, 5), (4, 6)]
   spectrum: [-2.456  -1.618  -0.9229 -0.      0.618   1.065   3.3139]

--- set 6  (2 non-isomorphic graphs) ---
Graph 1:  edges=[(0, 1), (0, 2), (0, 3), (0, 4), (0, 5), (1, 2), (1, 3), (2, 6), (3, 6), (4, 5), (4, 6)]
   spectrum: [-2.5104 -1.3685 -1.1255  0.      0.5397  1.16    3.3047]
Graph 2:  edges=[(0, 1), (0, 2), (0, 3), (0, 4), (1, 2), (1, 3), (2, 5), (2, 6), (3, 5), (4, 5), (5, 6)]
   spectrum: [-2.5104 -1.3685 -1.1255  0.      0.5397  1.16    3.3047]

___________________________________________________________________________________________
v =  7 e = 12



___________________________________________________________________________________________
v =  7 e =  13

Found 2 set(s):

--- set 1  (2 non-isomorphic graphs) ---
Graph 1:  edges=[(0, 1), (0, 2), (0, 3), (0, 4), (0, 5), (0, 6), (1, 2), (1, 3), (1, 4), (2, 3), (2, 5), (3, 6), (4, 5)]
   spectrum: [-2.     -1.714  -1.4687  0.      0.1995  1.      3.9832]
Graph 2:  edges=[(0, 1), (0, 2), (0, 3), (0, 4), (0, 5), (1, 2), (1, 3), (1, 4), (1, 6), (2, 3), (2, 5), (2, 6), (4, 5)]
   spectrum: [-2.     -1.714  -1.4687 -0.      0.1995  1.      3.9832]

--- set 2  (2 non-isomorphic graphs) ---
Graph 1:  edges=[(0, 1), (0, 2), (0, 3), (0, 4), (0, 5), (1, 2), (1, 3), (1, 4), (2, 3), (2, 5), (3, 6), (4, 6), (5, 6)]
   spectrum: [-2.536  -1.618  -1.0762  0.      0.618   0.7611  3.8511]
Graph 2:  edges=[(0, 1), (0, 2), (0, 3), (0, 4), (1, 2), (1, 3), (1, 5), (2, 4), (2, 5), (3, 4), (3, 5), (4, 6), (5, 6)]
   spectrum: [-2.536  -1.618  -1.0762  0.      0.618   0.7611  3.8511]

___________________________________________________________________________________________
v =  8 e =  7

Found 13 set(s):

--- set 1  (2 non-isomorphic graphs) ---
Graph 1:  edges=[(0, 1), (0, 2), (0, 3), (0, 4), (0, 5), (1, 2), (3, 4)]
   spectrum: [-1.9032 -1.     -1.      0.1939  1.      2.7093]
Graph 2:  edges=[(0, 1), (0, 2), (0, 3), (1, 2), (1, 3), (2, 4), (3, 5)]
   spectrum: [-1.9032 -1.     -1.      0.1939  1.      2.7093]

--- set 2  (2 non-isomorphic graphs) ---
Graph 1:  edges=[(0, 1), (0, 2), (0, 3), (0, 4), (0, 5), (1, 6), (1, 7)]
   spectrum: [-2.3583 -1.1994 -0.     -0.     -0.      0.      1.1994  2.3583]
Graph 2:  edges=[(0, 1), (0, 2), (0, 3), (0, 4), (1, 5), (2, 5), (5, 6)]
   spectrum: [-2.3583 -1.1994  0.      0.      0.      1.1994  2.3583]

--- set 3  (2 non-isomorphic graphs) ---
Graph 1:  edges=[(0, 1), (0, 2), (0, 3), (0, 4), (0, 5), (1, 6), (2, 6)]
   spectrum: [-2.4495 -1.      0.      0.      0.      1.      2.4495]
Graph 2:  edges=[(0, 1), (0, 2), (0, 3), (1, 4), (2, 4), (3, 4), (5, 6)]
   spectrum: [-2.4495 -1.      0.      0.      0.      1.      2.4495]

--- set 4  (2 non-isomorphic graphs) ---
Graph 1:  edges=[(0, 1), (0, 2), (0, 3), (0, 4), (0, 5), (1, 6), (2, 7)]
   spectrum: [-2.3344 -1.     -0.742  -0.      0.      0.742   1.      2.3344]
Graph 2:  edges=[(0, 1), (0, 2), (0, 3), (1, 4), (1, 5), (2, 4), (2, 6)]
   spectrum: [-2.3344 -1.     -0.742   0.      0.742   1.      2.3344]

--- set 5  (2 non-isomorphic graphs) ---
Graph 1:  edges=[(0, 1), (0, 2), (0, 3), (0, 4), (0, 5), (1, 6), (6, 7)]
   spectrum: [-2.3028 -1.3028  0.      0.      0.      0.      1.3028  2.3028]
Graph 2:  edges=[(0, 1), (0, 2), (0, 3), (0, 4), (1, 5), (1, 6), (1, 7)]
   spectrum: [-2.3028 -1.3028 -0.     -0.      0.      0.      1.3028  2.3028]

--- set 6  (2 non-isomorphic graphs) ---
Graph 1:  edges=[(0, 1), (0, 2), (0, 3), (0, 4), (1, 2), (1, 5), (1, 6)]
   spectrum: [-2.     -1.5616 -0.      0.      0.      1.      2.5616]
Graph 2:  edges=[(0, 1), (0, 2), (0, 3), (1, 2), (1, 4), (2, 5), (3, 4)]
   spectrum: [-2.     -1.5616 -0.      0.      1.      2.5616]

--- set 7  (2 non-isomorphic graphs) ---
Graph 1:  edges=[(0, 1), (0, 2), (0, 3), (0, 4), (1, 2), (3, 4), (5, 6)]
   spectrum: [-1.5616 -1.     -1.     -1.      1.      1.      2.5616]
Graph 2:  edges=[(0, 1), (0, 2), (0, 3), (1, 2), (1, 3), (4, 5), (6, 7)]
   spectrum: [-1.5616 -1.     -1.     -1.     -0.      1.      1.      2.5616]

--- set 8  (2 non-isomorphic graphs) ---
Graph 1:  edges=[(0, 1), (0, 2), (0, 3), (0, 4), (1, 2), (5, 6), (5, 7)]
   spectrum: [-1.8136 -1.4142 -1.      0.      0.      0.4707  1.4142  2.3429]
Graph 2:  edges=[(0, 1), (0, 2), (0, 3), (1, 2), (1, 4), (3, 5), (5, 6)]
   spectrum: [-1.8136 -1.4142 -1.      0.      0.4707  1.4142  2.3429]

--- set 9  (2 non-isomorphic graphs) ---
Graph 1:  edges=[(0, 1), (0, 2), (0, 3), (0, 4), (5, 6), (5, 7), (6, 7)]
   spectrum: [-2. -1. -1.  0.  0.  0.  2.  2.]
Graph 2:  edges=[(0, 1), (0, 2), (1, 2), (3, 4), (3, 5), (4, 6), (5, 6)]
   spectrum: [-2. -1. -1.  0.  0.  2.  2.]

--- set 10  (2 non-isomorphic graphs) ---
Graph 1:  edges=[(0, 1), (0, 2), (0, 3), (1, 2), (1, 4), (2, 5), (3, 6)]
   spectrum: [-1.7566 -1.618  -0.8202  0.      0.618   1.1386  2.4383]
Graph 2:  edges=[(0, 1), (0, 2), (0, 3), (1, 2), (1, 4), (3, 5), (4, 5)]
   spectrum: [-1.7566 -1.618  -0.8202  0.618   1.1386  2.4383]

--- set 11  (2 non-isomorphic graphs) ---
Graph 1:  edges=[(0, 1), (0, 2), (0, 3), (1, 4), (1, 5), (2, 6), (2, 7)]
   spectrum: [-2.1358 -1.4142 -0.6622 -0.      0.      0.6622  1.4142  2.1358]
Graph 2:  edges=[(0, 1), (0, 2), (0, 3), (1, 4), (2, 4), (5, 6), (5, 7)]
   spectrum: [-2.1358 -1.4142 -0.6622  0.      0.      0.6622  1.4142  2.1358]

--- set 12  (2 non-isomorphic graphs) ---
Graph 1:  edges=[(0, 1), (0, 2), (0, 3), (1, 4), (1, 5), (2, 6), (3, 7)]
   spectrum: [-2.101  -1.2593 -1.     -0.      0.      1.      1.2593  2.101 ]
Graph 2:  edges=[(0, 1), (0, 2), (0, 3), (1, 4), (2, 5), (4, 6), (5, 6)]
   spectrum: [-2.101  -1.2593 -1.     -0.      1.      1.2593  2.101 ]

--- set 13  (2 non-isomorphic graphs) ---
Graph 1:  edges=[(0, 1), (0, 2), (0, 3), (1, 4), (4, 5), (5, 6), (5, 7)]
   spectrum: [-2.    -1.618 -0.618 -0.     0.     0.618  1.618  2.   ]
Graph 2:  edges=[(0, 1), (0, 2), (1, 3), (2, 3), (4, 5), (4, 6), (5, 7)]
   spectrum: [-2.    -1.618 -0.618  0.     0.     0.618  1.618  2.   ]


___________________________________________________________________________________________
v =  8 e =  8

Found 29 set(s):

--- set 1  (2 non-isomorphic graphs) ---
Graph 1:  edges=[(0, 1), (0, 2), (0, 3), (0, 4), (0, 5), (0, 6), (1, 2), (1, 3)]
   spectrum: [-2.2403 -1.3684 -0.      0.      0.      0.6648  2.9439]
Graph 2:  edges=[(0, 1), (0, 2), (0, 3), (0, 4), (1, 2), (1, 3), (2, 5), (3, 5)]
   spectrum: [-2.2403 -1.3684 -0.      0.      0.6648  2.9439]

--- set 2  (2 non-isomorphic graphs) ---
Graph 1:  edges=[(0, 1), (0, 2), (0, 3), (0, 4), (0, 5), (0, 6), (1, 2), (3, 4)]
   spectrum: [-2.1774 -1.     -1.     -0.      0.3216  1.      2.8558]
Graph 2:  edges=[(0, 1), (0, 2), (0, 3), (1, 2), (1, 3), (2, 4), (3, 4), (5, 6)]
   spectrum: [-2.1774 -1.     -1.     -0.      0.3216  1.      2.8558]

--- set 3  (2 non-isomorphic graphs) ---
Graph 1:  edges=[(0, 1), (0, 2), (0, 3), (0, 4), (0, 5), (0, 6), (1, 7), (2, 7)]
   spectrum: [-2.6131 -1.0824  0.      0.      0.      0.      1.0824  2.6131]
Graph 2:  edges=[(0, 1), (0, 2), (0, 3), (0, 4), (1, 5), (1, 6), (2, 5), (2, 6)]
   spectrum: [-2.6131 -1.0824 -0.      0.      0.      1.0824  2.6131]

--- set 4  (2 non-isomorphic graphs) ---
Graph 1:  edges=[(0, 1), (0, 2), (0, 3), (0, 4), (0, 5), (1, 2), (1, 3), (1, 6)]
   spectrum: [-2.     -1.7093 -0.     -0.      0.      0.8061  2.9032]
Graph 2:  edges=[(0, 1), (0, 2), (0, 3), (0, 4), (1, 2), (1, 3), (1, 5), (4, 5)]
   spectrum: [-2.     -1.7093 -0.     -0.      0.8061  2.9032]

--- set 5  (2 non-isomorphic graphs) ---
Graph 1:  edges=[(0, 1), (0, 2), (0, 3), (0, 4), (0, 5), (1, 2), (1, 3), (4, 6)]
   spectrum: [-2.0748 -1.3706 -0.7572 -0.      0.3089  1.0617  2.8321]
Graph 2:  edges=[(0, 1), (0, 2), (0, 3), (0, 4), (1, 2), (1, 3), (2, 5), (2, 6)]
   spectrum: [-2.0748 -1.3706 -0.7572 -0.      0.3089  1.0617  2.8321]

--- set 6  (3 non-isomorphic graphs) ---
Graph 1:  edges=[(0, 1), (0, 2), (0, 3), (0, 4), (0, 5), (1, 2), (1, 3), (6, 7)]
   spectrum: [-2.     -1.3429 -1.     -0.      0.      0.5293  1.      2.8136]
Graph 2:  edges=[(0, 1), (0, 2), (0, 3), (0, 4), (1, 2), (1, 3), (2, 5), (3, 6)]
   spectrum: [-2.     -1.3429 -1.      0.      0.5293  1.      2.8136]
Graph 3:  edges=[(0, 1), (0, 2), (0, 3), (0, 4), (1, 2), (1, 5), (3, 4), (3, 5)]
   spectrum: [-2.     -1.3429 -1.      0.5293  1.      2.8136]

--- set 7  (2 non-isomorphic graphs) ---
Graph 1:  edges=[(0, 1), (0, 2), (0, 3), (0, 4), (0, 5), (1, 2), (1, 6), (2, 7)]
   spectrum: [-2.1451 -1.618  -0.524  -0.      0.      0.618   1.      2.6691]
Graph 2:  edges=[(0, 1), (0, 2), (0, 3), (0, 4), (1, 2), (1, 5), (2, 6), (3, 5)]
   spectrum: [-2.1451 -1.618  -0.524  -0.      0.618   1.      2.6691]

--- set 8  (2 non-isomorphic graphs) ---
Graph 1:  edges=[(0, 1), (0, 2), (0, 3), (0, 4), (0, 5), (1, 2), (1, 6), (3, 4)]
   spectrum: [-1.9555 -1.3746 -1.      0.      0.3257  1.2395  2.7649]
Graph 2:  edges=[(0, 1), (0, 2), (0, 3), (0, 4), (1, 2), (1, 3), (2, 5), (5, 6)]
   spectrum: [-1.9555 -1.3746 -1.      0.      0.3257  1.2395  2.7649]

--- set 9  (2 non-isomorphic graphs) ---
Graph 1:  edges=[(0, 1), (0, 2), (0, 3), (0, 4), (0, 5), (1, 2), (1, 6), (3, 7)]
   spectrum: [-2.1843 -1.3962 -0.8339 -0.      0.      0.6634  1.1311  2.62  ]
Graph 2:  edges=[(0, 1), (0, 2), (0, 3), (0, 4), (1, 2), (1, 5), (3, 5), (4, 6)]
   spectrum: [-2.1843 -1.3962 -0.8339  0.      0.6634  1.1311  2.62  ]

--- set 10  (2 non-isomorphic graphs) ---
Graph 1:  edges=[(0, 1), (0, 2), (0, 3), (0, 4), (0, 5), (1, 2), (1, 6), (6, 7)]
   spectrum: [-2.1367 -1.5711 -0.6084 -0.      0.      0.4468  1.2598  2.6095]
Graph 2:  edges=[(0, 1), (0, 2), (0, 3), (1, 2), (1, 4), (2, 5), (3, 4), (3, 6)]
   spectrum: [-2.1367 -1.5711 -0.6084  0.      0.4468  1.2598  2.6095]

--- set 11  (2 non-isomorphic graphs) ---
Graph 1:  edges=[(0, 1), (0, 2), (0, 3), (0, 4), (0, 5), (1, 2), (3, 4), (5, 6)]
   spectrum: [-2.     -1.     -1.     -0.7321  1.      1.      2.7321]
Graph 2:  edges=[(0, 1), (0, 2), (0, 3), (0, 4), (1, 2), (1, 5), (2, 5), (6, 7)]
   spectrum: [-2.     -1.     -1.     -0.7321  0.      1.      1.      2.7321]

--- set 12  (2 non-isomorphic graphs) ---
Graph 1:  edges=[(0, 1), (0, 2), (0, 3), (0, 4), (0, 5), (1, 2), (3, 4), (6, 7)]
   spectrum: [-1.9032 -1.     -1.     -1.      0.1939  1.      1.      2.7093]
Graph 2:  edges=[(0, 1), (0, 2), (0, 3), (1, 2), (1, 3), (2, 4), (3, 5), (6, 7)]
   spectrum: [-1.9032 -1.     -1.     -1.      0.1939  1.      1.      2.7093]

--- set 13  (2 non-isomorphic graphs) ---
Graph 1:  edges=[(0, 1), (0, 2), (0, 3), (0, 4), (0, 5), (1, 2), (3, 6), (6, 7)]
   spectrum: [-2.1762 -1.2659 -1.     -0.      0.      0.5185  1.372   2.5516]
Graph 2:  edges=[(0, 1), (0, 2), (0, 3), (1, 2), (1, 4), (3, 4), (3, 5), (5, 6)]
   spectrum: [-2.1762 -1.2659 -1.      0.      0.5185  1.372   2.5516]

--- set 14  (2 non-isomorphic graphs) ---
Graph 1:  edges=[(0, 1), (0, 2), (0, 3), (0, 4), (0, 5), (1, 6), (2, 6), (3, 7)]
   spectrum: [-2.4812 -1.1701 -0.6889 -0.      0.      0.6889  1.1701  2.4812]
Graph 2:  edges=[(0, 1), (0, 2), (0, 3), (0, 4), (1, 5), (1, 6), (1, 7), (2, 5)]
   spectrum: [-2.4812 -1.1701 -0.6889 -0.      0.      0.6889  1.1701  2.4812]

--- set 15  (2 non-isomorphic graphs) ---
Graph 1:  edges=[(0, 1), (0, 2), (0, 3), (0, 4), (1, 2), (1, 3), (1, 5), (6, 7)]
   spectrum: [-1.7913 -1.618  -1.     -0.      0.      0.618   1.      2.7913]
Graph 2:  edges=[(0, 1), (0, 2), (0, 3), (1, 2), (1, 3), (2, 4), (3, 5), (4, 5)]
   spectrum: [-1.7913 -1.618  -1.      0.618   1.      2.7913]

--- set 16  (2 non-isomorphic graphs) ---
Graph 1:  edges=[(0, 1), (0, 2), (0, 3), (0, 4), (1, 2), (1, 3), (4, 5), (4, 6)]
   spectrum: [-2.     -1.4142 -0.7321  0.      0.      1.4142  2.7321]
Graph 2:  edges=[(0, 1), (0, 2), (0, 3), (1, 2), (1, 4), (3, 4), (3, 5), (4, 5)]
   spectrum: [-2.     -1.4142 -0.7321 -0.      1.4142  2.7321]

--- set 17  (2 non-isomorphic graphs) ---
Graph 1:  edges=[(0, 1), (0, 2), (0, 3), (0, 4), (1, 2), (1, 3), (4, 5), (5, 6)]
   spectrum: [-1.9032 -1.4142 -1.     -0.      0.1939  1.4142  2.7093]
Graph 2:  edges=[(0, 1), (0, 2), (0, 3), (0, 4), (1, 2), (1, 5), (1, 6), (3, 4)]
   spectrum: [-1.9032 -1.4142 -1.      0.      0.1939  1.4142  2.7093]

--- set 18  (2 non-isomorphic graphs) ---
Graph 1:  edges=[(0, 1), (0, 2), (0, 3), (0, 4), (1, 2), (1, 3), (5, 6), (5, 7)]
   spectrum: [-1.7491 -1.4142 -1.2713 -0.      0.      0.3349  1.4142  2.6855]
Graph 2:  edges=[(0, 1), (0, 2), (0, 3), (0, 4), (1, 2), (1, 5), (3, 4), (3, 6)]
   spectrum: [-1.7491 -1.4142 -1.2713 -0.      0.3349  1.4142  2.6855]

--- set 19  (2 non-isomorphic graphs) ---
Graph 1:  edges=[(0, 1), (0, 2), (0, 3), (0, 4), (1, 2), (1, 5), (2, 6), (5, 7)]
   spectrum: [-1.921  -1.7177 -0.8911 -0.      0.      0.7799  1.1946  2.5554]
Graph 2:  edges=[(0, 1), (0, 2), (0, 3), (0, 4), (1, 2), (1, 5), (3, 6), (5, 6)]
   spectrum: [-1.921  -1.7177 -0.8911  0.      0.7799  1.1946  2.5554]

--- set 20  (2 non-isomorphic graphs) ---
Graph 1:  edges=[(0, 1), (0, 2), (0, 3), (0, 4), (1, 2), (1, 5), (3, 4), (5, 6)]
   spectrum: [-1.7757 -1.4142 -1.     -0.5892  0.7237  1.4142  2.6412]
Graph 2:  edges=[(0, 1), (0, 2), (0, 3), (1, 2), (1, 3), (2, 4), (5, 6), (5, 7)]
   spectrum: [-1.7757 -1.4142 -1.     -0.5892  0.      0.7237  1.4142  2.6412]

--- set 21  (2 non-isomorphic graphs) ---
Graph 1:  edges=[(0, 1), (0, 2), (0, 3), (0, 4), (1, 2), (1, 5), (3, 6), (6, 7)]
   spectrum: [-2.     -1.4142 -1.1701 -0.      0.      0.6889  1.4142  2.4812]
Graph 2:  edges=[(0, 1), (0, 2), (0, 3), (1, 2), (1, 4), (3, 4), (5, 6), (5, 7)]
   spectrum: [-2.     -1.4142 -1.1701  0.      0.      0.6889  1.4142  2.4812]

--- set 22  (4 non-isomorphic graphs) ---
Graph 1:  edges=[(0, 1), (0, 2), (0, 3), (0, 4), (1, 2), (1, 5), (5, 6), (6, 7)]
   spectrum: [-1.9354 -1.618  -1.     -0.      0.      0.618   1.4626  2.4728]
Graph 2:  edges=[(0, 1), (0, 2), (0, 3), (0, 4), (1, 2), (3, 5), (4, 6), (5, 6)]
   spectrum: [-1.9354 -1.618  -1.      0.      0.618   1.4626  2.4728]
Graph 3:  edges=[(0, 1), (0, 2), (0, 3), (1, 2), (1, 4), (2, 5), (3, 6), (3, 7)]
   spectrum: [-1.9354 -1.618  -1.      0.      0.      0.618   1.4626  2.4728]
Graph 4:  edges=[(0, 1), (0, 2), (0, 3), (1, 2), (1, 4), (3, 5), (4, 5), (5, 6)]
   spectrum: [-1.9354 -1.618  -1.     -0.      0.618   1.4626  2.4728]

--- set 23  (2 non-isomorphic graphs) ---
Graph 1:  edges=[(0, 1), (0, 2), (0, 3), (0, 4), (1, 2), (3, 5), (5, 6), (6, 7)]
   spectrum: [-1.9877 -1.4339 -1.     -0.501   0.2715  0.6852  1.5739  2.392 ]
Graph 2:  edges=[(0, 1), (0, 2), (0, 3), (1, 2), (1, 4), (3, 5), (3, 6), (5, 7)]
   spectrum: [-1.9877 -1.4339 -1.     -0.501   0.2715  0.6852  1.5739  2.392 ]

--- set 24  (2 non-isomorphic graphs) ---
Graph 1:  edges=[(0, 1), (0, 2), (0, 3), (0, 4), (1, 2), (5, 6), (5, 7), (6, 7)]
   spectrum: [-1.8136 -1.     -1.     -1.      0.      0.4707  2.      2.3429]
Graph 2:  edges=[(0, 1), (0, 2), (0, 3), (1, 2), (3, 4), (4, 5), (4, 6), (5, 6)]
   spectrum: [-1.8136 -1.     -1.     -1.      0.4707  2.      2.3429]

--- set 25  (2 non-isomorphic graphs) ---
Graph 1:  edges=[(0, 1), (0, 2), (0, 3), (0, 4), (1, 5), (1, 6), (2, 5), (3, 6)]
   spectrum: [-2.5243 -1.     -0.7923  0.      0.7923  1.      2.5243]
Graph 2:  edges=[(0, 1), (0, 2), (0, 3), (1, 4), (1, 5), (2, 4), (2, 5), (6, 7)]
   spectrum: [-2.5243 -1.     -0.7923 -0.      0.      0.7923  1.      2.5243]

--- set 26  (2 non-isomorphic graphs) ---
Graph 1:  edges=[(0, 1), (0, 2), (0, 3), (0, 4), (1, 5), (1, 6), (2, 7), (3, 7)]
   spectrum: [-2.3761 -1.4142 -0.5952 -0.     -0.      0.5952  1.4142  2.3761]
Graph 2:  edges=[(0, 1), (0, 2), (0, 3), (0, 4), (1, 5), (2, 5), (5, 6), (6, 7)]
   spectrum: [-2.3761 -1.4142 -0.5952  0.      0.      0.5952  1.4142  2.3761]

--- set 27  (3 non-isomorphic graphs) ---
Graph 1:  edges=[(0, 1), (0, 2), (0, 3), (0, 4), (1, 5), (2, 5), (3, 6), (4, 6)]
   spectrum: [-2.4495 -1.4142 -0.     -0.      0.      1.4142  2.4495]
Graph 2:  edges=[(0, 1), (0, 2), (0, 3), (0, 4), (1, 5), (2, 5), (5, 6), (5, 7)]
   spectrum: [-2.4495 -1.4142  0.      0.      0.      0.      1.4142  2.4495]
Graph 3:  edges=[(0, 1), (0, 2), (0, 3), (1, 4), (2, 4), (3, 4), (5, 6), (5, 7)]
   spectrum: [-2.4495 -1.4142  0.      0.      0.      0.      1.4142  2.4495]

--- set 28  (3 non-isomorphic graphs) ---
Graph 1:  edges=[(0, 1), (0, 2), (0, 3), (0, 4), (1, 5), (2, 5), (3, 6), (4, 7)]
   spectrum: [-2.3583 -1.1994 -1.      0.      0.      1.      1.1994  2.3583]
Graph 2:  edges=[(0, 1), (0, 2), (0, 3), (1, 4), (1, 5), (2, 4), (2, 6), (3, 7)]
   spectrum: [-2.3583 -1.1994 -1.     -0.      0.      1.      1.1994  2.3583]
Graph 3:  edges=[(0, 1), (0, 2), (0, 3), (1, 4), (2, 4), (3, 5), (4, 6), (5, 6)]
   spectrum: [-2.3583 -1.1994 -1.      0.      1.      1.1994  2.3583]

--- set 29  (2 non-isomorphic graphs) ---
Graph 1:  edges=[(0, 1), (0, 2), (0, 3), (1, 4), (1, 5), (2, 4), (2, 6), (4, 7)]
   spectrum: [-2.4142 -1.     -1.     -0.4142  0.4142  1.      1.      2.4142]
Graph 2:  edges=[(0, 1), (0, 2), (0, 3), (1, 4), (1, 5), (2, 4), (3, 5), (6, 7)]
   spectrum: [-2.4142 -1.     -1.     -0.4142  0.4142  1.      1.      2.4142]


___________________________________________________________________________________________
v =  8 e =  9







-