Graph 23 with 7 vertices and 6 edges
Edges: [(0, 4, None), (1, 5, None), (1, 6, None), (2, 5, None), (2, 6, None), (3, 6, None)]

Adjacency Matrix:
[0 0 0 0 1 0 0]
[0 0 0 0 0 1 1]
[0 0 0 0 0 1 1]
[0 0 0 0 0 0 1]
[1 0 0 0 0 0 0]
[0 1 1 0 0 0 0]
[0 1 1 1 0 0 0]

Degree sequence:
[3, 2, 2, 2, 1, 1, 1]

Adjacency Spectrum:
[2.135779205069857?, 1, 0.6621534468619564?, 0, -0.6621534468619564?, -1, -2.135779205069857?]

Laplacian Spectrum:
[4.481194304092016?, 2.688892182534018?, 2, 2, 0.8299135133739663?, 0, 0]

