Graph 28 with 7 vertices and 6 edges
Edges: [(0, 4, None), (0, 6, None), (1, 5, None), (2, 5, None), (3, 6, None), (5, 6, None)]

Adjacency Matrix:
[0 0 0 0 1 0 1]
[0 0 0 0 0 1 0]
[0 0 0 0 0 1 0]
[0 0 0 0 0 0 1]
[1 0 0 0 0 0 0]
[0 1 1 0 0 0 1]
[1 0 0 1 0 1 0]

Degree sequence:
[3, 3, 2, 1, 1, 1, 1]

Adjacency Spectrum:
[2.052880840033716?, 1.208640197572922?, 0.569972919912301?, 0, -0.569972919912301?, -1.208640197572922?, -2.052880840033716?]

Laplacian Spectrum:
[4.628651281742755?, 3.229738010261796?, 2.139665809099494?, 1, 0.680225248938148?, 0.3217196499578083?, 0]

