Graph 16 with 7 vertices and 6 edges
Edges: [(0, 4, None), (0, 5, None), (1, 5, None), (1, 6, None), (2, 6, None), (3, 6, None)]

Adjacency Matrix:
[0 0 0 0 1 1 0]
[0 0 0 0 0 1 1]
[0 0 0 0 0 0 1]
[0 0 0 0 0 0 1]
[1 0 0 0 0 0 0]
[1 1 0 0 0 0 0]
[0 1 1 1 0 0 0]

Degree sequence:
[3, 2, 2, 2, 1, 1, 1]

Adjacency Spectrum:
[1.931851652578137?, 1.414213562373095?, 0.5176380902050415?, 0, -0.5176380902050415?, -1.414213562373095?, -1.931851652578137?]

Laplacian Spectrum:
[4.228328215946636?, 3.360409337131395?, 2.185885346426460?, 1, 1, 0.2253771004955108?, 0]

