Graph 11 with 7 vertices and 6 edges
Edges: [(0, 4, None), (0, 6, None), (1, 5, None), (1, 6, None), (2, 6, None), (3, 6, None)]

Adjacency Matrix:
[0 0 0 0 1 0 1]
[0 0 0 0 0 1 1]
[0 0 0 0 0 0 1]
[0 0 0 0 0 0 1]
[1 0 0 0 0 0 0]
[0 1 0 0 0 0 0]
[1 1 1 1 0 0 0]

Degree sequence:
[4, 2, 2, 1, 1, 1, 1]

Adjacency Spectrum:
[2.135779205069857?, 1, 0.6621534468619564?, 0, -0.6621534468619564?, -1, -2.135779205069857?]

Laplacian Spectrum:
[5.164247938460211?, 2.618033988749895?, 2.227134442170690?, 1, 0.6086176193690991?, 0.3819660112501051?, 0]

