Graph 24 with 7 vertices and 6 edges
Edges: [(0, 4, None), (0, 6, None), (1, 5, None), (1, 6, None), (2, 5, None), (4, 6, None)]

Adjacency Matrix:
[0 0 0 0 1 0 1]
[0 0 0 0 0 1 1]
[0 0 0 0 0 1 0]
[0 0 0 0 0 0 0]
[1 0 0 0 0 0 1]
[0 1 1 0 0 0 0]
[1 1 0 0 1 0 0]

Degree sequence:
[3, 2, 2, 2, 2, 1, 0]

Adjacency Spectrum:
[2.228328215946636?, 1.360409337131395?, 0.1858853464264596?, 0, -1, -1, -1.774622899504490?]

Laplacian Spectrum:
[4.214319743377535?, 3, 3, 1.460811127189111?, 0.3248691294333539?, 0, 0]

