Graph 12 with 7 vertices and 6 edges
Edges: [(0, 4, None), (0, 6, None), (1, 5, None), (1, 6, None), (2, 6, None), (4, 6, None)]

Adjacency Matrix:
[0 0 0 0 1 0 1]
[0 0 0 0 0 1 1]
[0 0 0 0 0 0 1]
[0 0 0 0 0 0 0]
[1 0 0 0 0 0 1]
[0 1 0 0 0 0 0]
[1 1 1 0 1 0 0]

Degree sequence:
[4, 2, 2, 2, 1, 1, 0]

Adjacency Spectrum:
[2.379878123384214?, 1, 0.2913668902355678?, 0, -0.7510241439497929?, -1, -1.920220869669989?]

Laplacian Spectrum:
[5.086130197651494?, 3, 2.428006731683797?, 1, 0.4858630706647090?, 0, 0]

