Graph 4 with 7 vertices and 6 edges
Edges: [(0, 5, None), (0, 6, None), (1, 5, None), (2, 6, None), (3, 6, None), (4, 6, None)]

Adjacency Matrix:
[0 0 0 0 0 1 1]
[0 0 0 0 0 1 0]
[0 0 0 0 0 0 1]
[0 0 0 0 0 0 1]
[0 0 0 0 0 0 1]
[1 1 0 0 0 0 0]
[1 0 1 1 1 0 0]

Degree sequence:
[4, 2, 2, 1, 1, 1, 1]

Adjacency Spectrum:
[2.101002989615459?, 1.259280126749766?, 0, 0, 0, -1.259280126749766?, -2.101002989615459?]

Laplacian Spectrum:
[5.096507214418281?, 3.116883890677158?, 1.491076709163875?, 1, 1, 0.2955321857406865?, 0]

