Graph 1 with 7 vertices and 6 edges
Edges: [(0, 5, None), (0, 6, None), (1, 6, None), (2, 6, None), (3, 6, None), (4, 6, None)]

Adjacency Matrix:
[0 0 0 0 0 1 1]
[0 0 0 0 0 0 1]
[0 0 0 0 0 0 1]
[0 0 0 0 0 0 1]
[0 0 0 0 0 0 1]
[1 0 0 0 0 0 0]
[1 1 1 1 1 0 0]

Degree sequence:
[5, 2, 1, 1, 1, 1, 1]

Adjacency Spectrum:
[2.288245611270738?, 0.8740320488976421?, 0, 0, 0, -0.8740320488976421?, -2.288245611270738?]

Laplacian Spectrum:
[6.051374241731037?, 2.482695954991695?, 1, 1, 1, 0.4659298032772685?, 0]

