Graph 26 with 7 vertices and 6 edges
Edges: [(0, 4, None), (0, 6, None), (1, 5, None), (1, 6, None), (2, 5, None), (5, 6, None)]

Adjacency Matrix:
[0 0 0 0 1 0 1]
[0 0 0 0 0 1 1]
[0 0 0 0 0 1 0]
[0 0 0 0 0 0 0]
[1 0 0 0 0 0 0]
[0 1 1 0 0 0 1]
[1 1 0 0 0 1 0]

Degree sequence:
[3, 3, 2, 2, 1, 1, 0]

Adjacency Spectrum:
[2.334200531542927?, 1.099584656803781?, 0.2742050165684621?, 0, -0.5945232218012803?, -1.373789673372243?, -1.739677309741647?]

Laplacian Spectrum:
[4.392756247195107?, 3.697746548828837?, 2.359470242141087?, 1.136932946127492?, 0.4130940157074781?, 0, 0]

