Graph 19 with 7 vertices and 6 edges
Edges: [(0, 4, None), (0, 5, None), (0, 6, None), (1, 5, None), (1, 6, None), (5, 6, None)]

Adjacency Matrix:
[0 0 0 0 1 1 1]
[0 0 0 0 0 1 1]
[0 0 0 0 0 0 0]
[0 0 0 0 0 0 0]
[1 0 0 0 0 0 0]
[1 1 0 0 0 0 1]
[1 1 0 0 0 1 0]

Degree sequence:
[3, 3, 3, 2, 1, 0, 0]

Adjacency Spectrum:
[2.641186476193292?, 0.723742122620924?, 0, 0, -0.5892157430780010?, -1, -1.775712855736215?]

Laplacian Spectrum:
[4.481194304092016?, 4, 2.688892182534018?, 0.8299135133739663?, 0, 0, 0]

