Graph 7 with 7 vertices and 6 edges
Edges: [(0, 5, None), (1, 5, None), (2, 6, None), (3, 6, None), (4, 6, None), (5, 6, None)]

Adjacency Matrix:
[0 0 0 0 0 1 0]
[0 0 0 0 0 1 0]
[0 0 0 0 0 0 1]
[0 0 0 0 0 0 1]
[0 0 0 0 0 0 1]
[1 1 0 0 0 0 1]
[0 0 1 1 1 1 0]

Degree sequence:
[4, 3, 1, 1, 1, 1, 1]

Adjacency Spectrum:
[2.175327747161075?, 1.126032500610495?, 0, 0, 0, -1.126032500610495?, -2.175327747161075?]

Laplacian Spectrum:
[5.261802245259971?, 3.339876886623183?, 1, 1, 1, 0.3983208681168457?, 0]

