Graph 20 with 7 vertices and 6 edges
Edges: [(0, 4, None), (0, 5, None), (0, 6, None), (1, 5, None), (2, 6, None), (5, 6, None)]

Adjacency Matrix:
[0 0 0 0 1 1 1]
[0 0 0 0 0 1 0]
[0 0 0 0 0 0 1]
[0 0 0 0 0 0 0]
[1 0 0 0 0 0 0]
[1 1 0 0 0 0 1]
[1 0 1 0 0 1 0]

Degree sequence:
[3, 3, 3, 1, 1, 1, 0]

Adjacency Spectrum:
[2.414213562373095?, 0.618033988749895?, 0.618033988749895?, 0, -0.4142135623730951?, -1.618033988749895?, -1.618033988749895?]

Laplacian Spectrum:
[4.302775637731994?, 4.302775637731994?, 2, 0.6972243622680054?, 0.6972243622680054?, 0, 0]

