Graph 17 with 7 vertices and 6 edges
Edges: [(0, 4, None), (0, 5, None), (0, 6, None), (1, 5, None), (1, 6, None), (4, 6, None)]

Adjacency Matrix:
[0 0 0 0 1 1 1]
[0 0 0 0 0 1 1]
[0 0 0 0 0 0 0]
[0 0 0 0 0 0 0]
[1 0 0 0 0 0 1]
[1 1 0 0 0 0 0]
[1 1 0 0 1 0 0]

Degree sequence:
[3, 3, 2, 2, 2, 0, 0]

Adjacency Spectrum:
[2.481194304092016?, 0.6888921825340181?, 0, 0, 0, -1.170086486626034?, -2]

Laplacian Spectrum:
[4.618033988749895?, 3.618033988749895?, 2.381966011250106?, 1.381966011250106?, 0, 0, 0]

