Graph 38 with 7 vertices and 6 edges
Edges: [(0, 3, None), (0, 5, None), (1, 4, None), (2, 5, None), (2, 6, None), (3, 6, None)]

Adjacency Matrix:
[0 0 0 1 0 1 0]
[0 0 0 0 1 0 0]
[0 0 0 0 0 1 1]
[1 0 0 0 0 0 1]
[0 1 0 0 0 0 0]
[1 0 1 0 0 0 0]
[0 0 1 1 0 0 0]

Degree sequence:
[2, 2, 2, 2, 2, 1, 1]

Adjacency Spectrum:
[2, 1, 0.618033988749895?, 0.618033988749895?, -1, -1.618033988749895?, -1.618033988749895?]

Laplacian Spectrum:
[3.618033988749895?, 3.618033988749895?, 2, 1.381966011250106?, 1.381966011250106?, 0, 0]

