Graph 15 with 7 vertices and 6 edges
Edges: [(0, 4, None), (0, 5, None), (0, 6, None), (1, 5, None), (1, 6, None), (2, 6, None)]

Adjacency Matrix:
[0 0 0 0 1 1 1]
[0 0 0 0 0 1 1]
[0 0 0 0 0 0 1]
[0 0 0 0 0 0 0]
[1 0 0 0 0 0 0]
[1 1 0 0 0 0 0]
[1 1 1 0 0 0 0]

Degree sequence:
[3, 3, 2, 2, 1, 1, 0]

Adjacency Spectrum:
[2.246979603717467?, 0.8019377358048382?, 0.5549581320873712?, 0, -0.5549581320873712?, -0.8019377358048382?, -2.246979603717467?]

Laplacian Spectrum:
[4.813606502648331?, 3, 2.529316580128840?, 1, 0.6570769172228297?, 0, 0]

