Graph 6 with 7 vertices and 6 edges
Edges: [(0, 5, None), (0, 6, None), (1, 5, None), (2, 6, None), (3, 6, None), (5, 6, None)]

Adjacency Matrix:
[0 0 0 0 0 1 1]
[0 0 0 0 0 1 0]
[0 0 0 0 0 0 1]
[0 0 0 0 0 0 1]
[0 0 0 0 0 0 0]
[1 1 0 0 0 0 1]
[1 0 1 1 0 1 0]

Degree sequence:
[4, 3, 2, 1, 1, 1, 0]

Adjacency Spectrum:
[2.445787042458957?, 0.7968151158702351?, 0, 0, 0, -1.370325945476013?, -1.872276212853180?]

Laplacian Spectrum:
[5.107096376725478?, 3.787710597426518?, 1.473842397735243?, 1, 0.6313506281127615?, 0, 0]

