Graph 29 with 7 vertices and 6 edges
Edges: [(0, 4, None), (1, 5, None), (1, 6, None), (2, 5, None), (3, 6, None), (5, 6, None)]

Adjacency Matrix:
[0 0 0 0 1 0 0]
[0 0 0 0 0 1 1]
[0 0 0 0 0 1 0]
[0 0 0 0 0 0 1]
[1 0 0 0 0 0 0]
[0 1 1 0 0 0 1]
[0 1 0 1 0 1 0]

Degree sequence:
[3, 3, 2, 1, 1, 1, 1]

Adjacency Spectrum:
[2.302775637731995?, 1, 0.618033988749895?, 0, -1, -1.302775637731995?, -1.618033988749895?]

Laplacian Spectrum:
[4.302775637731994?, 3.618033988749895?, 2, 1.381966011250106?, 0.6972243622680054?, 0, 0]

