Graph 18 with 7 vertices and 6 edges
Edges: [(0, 4, None), (0, 5, None), (1, 5, None), (1, 6, None), (2, 6, None), (4, 6, None)]

Adjacency Matrix:
[0 0 0 0 1 1 0]
[0 0 0 0 0 1 1]
[0 0 0 0 0 0 1]
[0 0 0 0 0 0 0]
[1 0 0 0 0 0 1]
[1 1 0 0 0 0 0]
[0 1 1 0 1 0 0]

Degree sequence:
[3, 2, 2, 2, 2, 1, 0]

Adjacency Spectrum:
[2.114907541476756?, 1, 0.618033988749895?, 0, -0.2541016883650524?, -1.618033988749895?, -1.860805853111704?]

Laplacian Spectrum:
[4.302775637731994?, 3.618033988749895?, 2, 1.381966011250106?, 0.6972243622680054?, 0, 0]

